%现代控制理论 例题3-12 能控1型
%a0 a1 a2 由行列式求得
a0=2;
a1=-9;
a2=0;
b=[2;1;1];
A=[1 2 0;3 -1 1; 0 2 0];
%公式3.71 3.72 3.73
AA=[0 1 0;0 0 1;-a0 -a1 -a2]
cc=[0 0 1]*[A*A*b,A*b,b]*[1 0 0;a2 1 0;a1 a2 1]